60044000	60045000	2011-2-15	70010000	100
60044001	60045001	2011-3-15	70010001	100
60044002	60045002	2011-1-15	70010002	100
60044003	60045003	2011-2-15	70010003	100
60044004	60045004	2011-3-15	70010004	100
60044005	60045005	2011-1-15	70010005	100
60044006	60045006	2011-2-15	70010006	100
60044007	60045007	2011-3-15	70010007	100
60044008	60045008	2011-1-15	70010008	100
60044009	60045009	2011-2-15	70010009	100
60044010	60045010	2011-3-15	70010010	100
60044011	60045011	2011-1-15	70010011	100
60044012	60045012	2011-2-15	70010012	100
60044013	60045013	2011-3-15	70010013	100
60044014	60045014	2011-1-15	70010014	100
60044015	60045015	2011-2-15	70010015	100
60044016	60045016	2011-3-15	70010016	100
60044017	60045017	2011-1-15	70010017	100
60044018	60045018	2011-2-15	70010018	100
60044019	60045019	2011-3-15	70010019	100
60044020	60045020	2011-1-15	70010020	100
60044021	60045021	2011-2-15	70010021	100
60044022	60045022	2011-3-15	70010022	100
60044023	60045023	2011-1-15	70010023	100
60044024	60045024	2011-2-15	70010024	100
60044025	60045025	2011-3-15	70010025	100
60044026	60045026	2011-1-15	70010026	100
60044027	60045027	2011-2-15	70010027	100
60044028	60045028	2011-3-15	70010028	100
60044029	60045029	2011-1-15	70010029	100
60044030	60045030	2011-2-15	70010030	100
60044031	60045031	2011-3-15	70010031	100
60044032	60045032	2011-1-15	70010032	100
60044033	60045033	2011-2-15	70010033	100
60044034	60045034	2011-3-15	70010034	100
60044035	60045035	2011-1-15	70010035	100
60044036	60045036	2011-2-15	70010036	100
60044037	60045037	2011-3-15	70010037	100
60044038	60045038	2011-1-15	70010038	100
60044039	60045039	2011-2-15	70010039	100
60044040	60045040	2011-3-15	70010040	100
60044041	60045041	2011-1-15	70010041	100
60044042	60045042	2011-2-15	70010042	100
60044043	60045043	2011-3-15	70010043	100
60044044	60045044	2011-1-15	70010044	100
60044045	60045045	2011-2-15	70010045	100
60044046	60045046	2011-3-15	70010046	100
60044047	60045047	2011-1-15	70010047	100
60044048	60045048	2011-2-15	70010048	100
60044049	60045049	2011-3-15	70010049	100
60044050	60045050	2011-1-15	70010050	100
60044051	60045051	2011-2-15	70010051	100
60044052	60045052	2011-3-15	70010052	100
60044053	60045053	2011-1-15	70010053	100
60044054	60045054	2011-2-15	70010054	100
60044055	60045055	2011-3-15	70010055	100
60044056	60045056	2011-1-15	70010056	100
60044057	60045057	2011-2-15	70010057	100
60044058	60045058	2011-3-15	70010058	100
60044059	60045059	2011-1-15	70010059	100
60044060	60045060	2011-2-15	70010060	100
60044061	60045061	2011-3-15	70010061	100
60044062	60045062	2011-1-15	70010062	100
60044063	60045063	2011-2-15	70010063	100
60044064	60045064	2011-3-15	70010064	100
60044065	60045065	2011-1-15	70010065	100
60044066	60045066	2011-2-15	70010066	100
60044067	60045067	2011-3-15	70010067	100
60044068	60045068	2011-1-15	70010068	100
60044069	60045069	2011-2-15	70010069	100
60044070	60045070	2011-3-15	70010070	100
60044071	60045071	2011-1-15	70010071	100
60044072	60045072	2011-2-15	70010072	100
60044073	60045073	2011-3-15	70010073	100
60044074	60045074	2011-1-15	70010074	100
60044075	60045075	2011-2-15	70010075	100
60044076	60045076	2011-3-15	70010076	100
60044077	60045077	2011-1-15	70010077	100
60044078	60045078	2011-2-15	70010078	100
60044079	60045079	2011-3-15	70010079	100
60044080	60045080	2011-1-15	70010080	100
60044081	60045081	2011-2-15	70010081	100
60044082	60045082	2011-3-15	70010082	100
60044083	60045083	2011-1-15	70010083	100
60044084	60045084	2011-2-15	70010084	100
60044085	60045085	2011-3-15	70010085	100
60044086	60045086	2011-1-15	70010086	100
60044087	60045087	2011-2-15	70010087	100
60044088	60045088	2011-3-15	70010088	100
60044089	60045089	2011-1-15	70010089	100
60044090	60045090	2011-2-15	70010090	100
60044091	60045091	2011-3-15	70010091	100
60044092	60045092	2011-1-15	70010092	100
60044093	60045093	2011-2-15	70010093	100
60044094	60045094	2011-3-15	70010094	100
60044095	60045095	2011-1-15	70010095	100
60044096	60045096	2011-2-15	70010096	100
60044097	60045097	2011-3-15	70010097	100
60044098	60045098	2011-1-15	70010098	100
60044099	60045099	2011-2-15	70010099	100
60044100	60045100	2011-3-15	70010100	100
60044101	60045101	2011-1-15	70010101	100
60044102	60045102	2011-2-15	70010102	100
60044103	60045103	2011-3-15	70010103	100
60044104	60045104	2011-1-15	70010104	100
60044105	60045105	2011-2-15	70010105	100
60044106	60045106	2011-3-15	70010106	100
60044107	60045107	2011-1-15	70010107	100
60044108	60045108	2011-2-15	70010108	100
60044109	60045109	2011-3-15	70010109	100
60044110	60045110	2011-1-15	70010110	100
60044111	60045111	2011-2-15	70010111	100
60044112	60045112	2011-3-15	70010112	100
60044113	60045113	2011-1-15	70010113	100
60044114	60045114	2011-2-15	70010114	100
60044115	60045115	2011-3-15	70010115	100
60044116	60045116	2011-1-15	70010116	100
60044117	60045117	2011-2-15	70010117	100
60044118	60045118	2011-3-15	70010118	100
60044119	60045119	2011-1-15	70010119	100
60044120	60045120	2011-2-15	70010120	100
60044121	60045121	2011-3-15	70010121	100
60044122	60045122	2011-1-15	70010122	100
60044123	60045123	2011-2-15	70010123	100
60044124	60045124	2011-3-15	70010124	100
60044125	60045125	2011-1-15	70010125	100
60044126	60045126	2011-2-15	70010126	100
60044127	60045127	2011-3-15	70010127	100
60044128	60045128	2011-1-15	70010128	100
60044129	60045129	2011-2-15	70010129	100
60044130	60045130	2011-3-15	70010130	100
60044131	60045131	2011-1-15	70010131	100
60044132	60045132	2011-2-15	70010132	100
60044133	60045133	2011-3-15	70010133	100
60044134	60045134	2011-1-15	70010134	100
60044135	60045135	2011-2-15	70010135	100
60044136	60045136	2011-3-15	70010136	100
60044137	60045137	2011-1-15	70010137	100
60044138	60045138	2011-2-15	70010138	100
60044139	60045139	2011-3-15	70010139	100
60044140	60045140	2011-1-15	70010140	100
60044141	60045141	2011-2-15	70010141	100
60044142	60045142	2011-3-15	70010142	100
60044143	60045143	2011-1-15	70010143	100
60044144	60045144	2011-2-15	70010144	100
60044145	60045145	2011-3-15	70010145	100
60044146	60045146	2011-1-15	70010146	100
60044147	60045147	2011-2-15	70010147	100
60044148	60045148	2011-3-15	70010148	100
60044149	60045149	2011-1-15	70010149	100
60044150	60045150	2011-2-15	70010150	100
60044151	60045151	2011-3-15	70010151	100
60044152	60045152	2011-1-15	70010152	100
60044153	60045153	2011-2-15	70010153	100
60044154	60045154	2011-3-15	70010154	100
60044155	60045155	2011-1-15	70010155	100
60044156	60045156	2011-2-15	70010156	100
60044157	60045157	2011-3-15	70010157	100
60044158	60045158	2011-1-15	70010158	100
60044159	60045159	2011-2-15	70010159	100
60044160	60045160	2011-3-15	70010160	100
60044161	60045161	2011-1-15	70010161	100
60044162	60045162	2011-2-15	70010162	100
60044163	60045163	2011-3-15	70010163	100
60044164	60045164	2011-1-15	70010164	100
60044165	60045165	2011-2-15	70010165	100
60044166	60045166	2011-3-15	70010166	100
60044167	60045167	2011-1-15	70010167	100
60044168	60045168	2011-2-15	70010168	100
60044169	60045169	2011-3-15	70010169	100
60044170	60045170	2011-1-15	70010170	100
60044171	60045171	2011-2-15	70010171	100
60044172	60045172	2011-3-15	70010172	100
60044173	60045173	2011-1-15	70010173	100
60044174	60045174	2011-2-15	70010174	100
60044175	60045175	2011-3-15	70010175	100
60044176	60045176	2011-1-15	70010176	100
60044177	60045177	2011-2-15	70010177	100
60044178	60045178	2011-3-15	70010178	100
60044179	60045179	2011-1-15	70010179	100
60044180	60045180	2011-2-15	70010180	100
60044181	60045181	2011-3-15	70010181	100
60044182	60045182	2011-1-15	70010182	100
60044183	60045183	2011-2-15	70010183	100
60044184	60045184	2011-3-15	70010184	100
60044185	60045185	2011-1-15	70010185	100
60044186	60045186	2011-2-15	70010186	100
60044187	60045187	2011-3-15	70010187	100
60044188	60045188	2011-1-15	70010188	100
60044189	60045189	2011-2-15	70010189	100
60044190	60045190	2011-3-15	70010190	100
60044191	60045191	2011-1-15	70010191	100
60044192	60045192	2011-2-15	70010192	100
60044193	60045193	2011-3-15	70010193	100
60044194	60045194	2011-1-15	70010194	100
60044195	60045195	2011-2-15	70010195	100
60044196	60045196	2011-3-15	70010196	100
60044197	60045197	2011-1-15	70010197	100
60044198	60045198	2011-2-15	70010198	100
60044199	60045199	2011-3-15	70010199	100
60044200	60045200	2011-1-15	70010200	100
60044201	60045201	2011-2-15	70010201	100
60044202	60045202	2011-3-15	70010202	100
60044203	60045203	2011-1-15	70010203	100
60044204	60045204	2011-2-15	70010204	100
60044205	60045205	2011-3-15	70010205	100
60044206	60045206	2011-1-15	70010206	100
60044207	60045207	2011-2-15	70010207	100
60044208	60045208	2011-3-15	70010208	100
60044209	60045209	2011-1-15	70010209	100
60044210	60045210	2011-2-15	70010210	100
60044211	60045211	2011-3-15	70010211	100
60044212	60045212	2011-1-15	70010212	100
60044213	60045213	2011-2-15	70010213	100
60044214	60045214	2011-3-15	70010214	100
60044215	60045215	2011-1-15	70010215	100
60044216	60045216	2011-2-15	70010216	100
60044217	60045217	2011-3-15	70010217	100
60044218	60045218	2011-1-15	70010218	100
60044219	60045219	2011-2-15	70010219	100
60044220	60045220	2011-3-15	70010220	100
60044221	60045221	2011-1-15	70010221	100
60044222	60045222	2011-2-15	70010222	100
60044223	60045223	2011-3-15	70010223	100
60044224	60045224	2011-1-15	70010224	100
60044225	60045225	2011-2-15	70010225	100
60044226	60045226	2011-3-15	70010226	100
60044227	60045227	2011-1-15	70010227	100
60044228	60045228	2011-2-15	70010228	100
60044229	60045229	2011-3-15	70010229	100
60044230	60045230	2011-1-15	70010230	100
60044231	60045231	2011-2-15	70010231	100
60044232	60045232	2011-3-15	70010232	100
60044233	60045233	2011-1-15	70010233	100
60044234	60045234	2011-2-15	70010234	100
60044235	60045235	2011-3-15	70010235	100
60044236	60045236	2011-1-15	70010236	100
60044237	60045237	2011-2-15	70010237	100
60044238	60045238	2011-3-15	70010238	100
60044239	60045239	2011-1-15	70010239	100
60044240	60045240	2011-2-15	70010240	100
60044241	60045241	2011-3-15	70010241	100
60044242	60045242	2011-1-15	70010242	100
60044243	60045243	2011-2-15	70010243	100
60044244	60045244	2011-3-15	70010244	100
60044245	60045245	2011-1-15	70010245	100
60044246	60045246	2011-2-15	70010246	100
60044247	60045247	2011-3-15	70010247	100
60044248	60045248	2011-1-15	70010248	100
60044249	60045249	2011-2-15	70010249	100
60044250	60045250	2011-3-15	70010250	100
60044251	60045251	2011-1-15	70010251	100
60044252	60045252	2011-2-15	70010252	100
60044253	60045253	2011-3-15	70010253	100
60044254	60045254	2011-1-15	70010254	100
60044255	60045255	2011-2-15	70010255	100
60044256	60045256	2011-3-15	70010256	100
60044257	60045257	2011-1-15	70010257	100
60044258	60045258	2011-2-15	70010258	100
60044259	60045259	2011-3-15	70010259	100
60044260	60045260	2011-1-15	70010260	100
60044261	60045261	2011-2-15	70010261	100
60044262	60045262	2011-3-15	70010262	100
60044263	60045263	2011-1-15	70010263	100
60044264	60045264	2011-2-15	70010264	100
60044265	60045265	2011-3-15	70010265	100
60044266	60045266	2011-1-15	70010266	100
60044267	60045267	2011-2-15	70010267	100
60044268	60045268	2011-3-15	70010268	100
60044269	60045269	2011-1-15	70010269	100
60044270	60045270	2011-2-15	70010270	100
60044271	60045271	2011-3-15	70010271	100
60044272	60045272	2011-1-15	70010272	100
60044273	60045273	2011-2-15	70010273	100
60044274	60045274	2011-3-15	70010274	100
60044275	60045275	2011-1-15	70010275	100
60044276	60045276	2011-2-15	70010276	100
60044277	60045277	2011-3-15	70010277	100
60044278	60045278	2011-1-15	70010278	100
60044279	60045279	2011-2-15	70010279	100
60044280	60045280	2011-3-15	70010280	100
60044281	60045281	2011-1-15	70010281	100
60044282	60045282	2011-2-15	70010282	100
60044283	60045283	2011-3-15	70010283	100
60044284	60045284	2011-1-15	70010284	100
60044285	60045285	2011-2-15	70010285	100
60044286	60045286	2011-3-15	70010286	100
60044287	60045287	2011-1-15	70010287	100
60044288	60045288	2011-2-15	70010288	100
60044289	60045289	2011-3-15	70010289	100
60044290	60045290	2011-1-15	70010290	100
60044291	60045291	2011-2-15	70010291	100
60044292	60045292	2011-3-15	70010292	100
60044293	60045293	2011-1-15	70010293	100
60044294	60045294	2011-2-15	70010294	100
60044295	60045295	2011-3-15	70010295	100
60044296	60045296	2011-1-15	70010296	100
60044297	60045297	2011-2-15	70010297	100
60044298	60045298	2011-3-15	70010298	100
60044299	60045299	2011-1-15	70010299	100
60044300	60045300	2011-2-15	70010300	100
60044301	60045301	2011-3-15	70010301	100
60044302	60045302	2011-1-15	70010302	100
60044303	60045303	2011-2-15	70010303	100
60044304	60045304	2011-3-15	70010304	100
60044305	60045305	2011-1-15	70010305	100
60044306	60045306	2011-2-15	70010306	100
60044307	60045307	2011-3-15	70010307	100
60044308	60045308	2011-1-15	70010308	100
60044309	60045309	2011-2-15	70010309	100
60044310	60045310	2011-3-15	70010310	100
60044311	60045311	2011-1-15	70010311	100
60044312	60045312	2011-2-15	70010312	100
60044313	60045313	2011-3-15	70010313	100
60044314	60045314	2011-1-15	70010314	100
60044315	60045315	2011-2-15	70010315	100
60044316	60045316	2011-3-15	70010316	100
60044317	60045317	2011-1-15	70010317	100
60044318	60045318	2011-2-15	70010318	100
60044319	60045319	2011-3-15	70010319	100
60044320	60045320	2011-1-15	70010320	100
60044321	60045321	2011-2-15	70010321	100
60044322	60045322	2011-3-15	70010322	100
60044323	60045323	2011-1-15	70010323	100
60044324	60045324	2011-2-15	70010324	100
60044325	60045325	2011-3-15	70010325	100
60044326	60045326	2011-1-15	70010326	100
60044327	60045327	2011-2-15	70010327	100
60044328	60045328	2011-3-15	70010328	100
60044329	60045329	2011-1-15	70010329	100
60044330	60045330	2011-2-15	70010330	100
60044331	60045331	2011-3-15	70010331	100
60044332	60045332	2011-1-15	70010332	100
60044333	60045333	2011-2-15	70010333	100
60044334	60045334	2011-3-15	70010334	100
60044335	60045335	2011-1-15	70010335	100
60044336	60045336	2011-2-15	70010336	100
60044337	60045337	2011-3-15	70010337	100
60044338	60045338	2011-1-15	70010338	100
60044339	60045339	2011-2-15	70010339	100
60044340	60045340	2011-3-15	70010340	100
60044341	60045341	2011-1-15	70010341	100
60044342	60045342	2011-2-15	70010342	100
60044343	60045343	2011-3-15	70010343	100
60044344	60045344	2011-1-15	70010344	100
60044345	60045345	2011-2-15	70010345	100
60044346	60045346	2011-3-15	70010346	100
60044347	60045347	2011-1-15	70010347	100
60044348	60045348	2011-2-15	70010348	100
60044349	60045349	2011-3-15	70010349	100
60044350	60045350	2011-1-15	70010350	100
60044351	60045351	2011-2-15	70010351	100
60044352	60045352	2011-3-15	70010352	100
60044353	60045353	2011-1-15	70010353	100
60044354	60045354	2011-2-15	70010354	100
60044355	60045355	2011-3-15	70010355	100
60044356	60045356	2011-1-15	70010356	100
60044357	60045357	2011-2-15	70010357	100
60044358	60045358	2011-3-15	70010358	100
60044359	60045359	2011-1-15	70010359	100
60044360	60045360	2011-2-15	70010360	100
60044361	60045361	2011-3-15	70010361	100
60044362	60045362	2011-1-15	70010362	100
60044363	60045363	2011-2-15	70010363	100
60044364	60045364	2011-3-15	70010364	100
60044365	60045365	2011-1-15	70010365	100
60044366	60045366	2011-2-15	70010366	100
60044367	60045367	2011-3-15	70010367	100
60044368	60045368	2011-1-15	70010368	100
60044369	60045369	2011-2-15	70010369	100
60044370	60045370	2011-3-15	70010370	100
60044371	60045371	2011-1-15	70010371	100
60044372	60045372	2011-2-15	70010372	100
60044373	60045373	2011-3-15	70010373	100
60044374	60045374	2011-1-15	70010374	100
60044375	60045375	2011-2-15	70010375	100
60044376	60045376	2011-3-15	70010376	100
60044377	60045377	2011-1-15	70010377	100
60044378	60045378	2011-2-15	70010378	100
60044379	60045379	2011-3-15	70010379	100
60044380	60045380	2011-1-15	70010380	100
60044381	60045381	2011-2-15	70010381	100
60044382	60045382	2011-3-15	70010382	100
60044383	60045383	2011-1-15	70010383	100
60044384	60045384	2011-2-15	70010384	100
60044385	60045385	2011-3-15	70010385	100
60044386	60045386	2011-1-15	70010386	100
60044387	60045387	2011-2-15	70010387	100
60044388	60045388	2011-3-15	70010388	100
60044389	60045389	2011-1-15	70010389	100
60044390	60045390	2011-2-15	70010390	100
60044391	60045391	2011-3-15	70010391	100
60044392	60045392	2011-1-15	70010392	100
60044393	60045393	2011-2-15	70010393	100
60044394	60045394	2011-3-15	70010394	100
60044395	60045395	2011-1-15	70010395	100
60044396	60045396	2011-2-15	70010396	100
60044397	60045397	2011-3-15	70010397	100
60044398	60045398	2011-1-15	70010398	100
60044399	60045399	2011-2-15	70010399	100
60044400	60045400	2011-3-15	70010400	100
60044401	60045401	2011-1-15	70010401	100
60044402	60045402	2011-2-15	70010402	100
60044403	60045403	2011-3-15	70010403	100
60044404	60045404	2011-1-15	70010404	100
60044405	60045405	2011-2-15	70010405	100
60044406	60045406	2011-3-15	70010406	100
60044407	60045407	2011-1-15	70010407	100
60044408	60045408	2011-2-15	70010408	100
60044409	60045409	2011-3-15	70010409	100
60044410	60045410	2011-1-15	70010410	100
60044411	60045411	2011-2-15	70010411	100
60044412	60045412	2011-3-15	70010412	100
60044413	60045413	2011-1-15	70010413	100
60044414	60045414	2011-2-15	70010414	100
60044415	60045415	2011-3-15	70010415	100
60044416	60045416	2011-1-15	70010416	100
60044417	60045417	2011-2-15	70010417	100
60044418	60045418	2011-3-15	70010418	100
60044419	60045419	2011-1-15	70010419	100
60044420	60045420	2011-2-15	70010420	100
60044421	60045421	2011-3-15	70010421	100
60044422	60045422	2011-1-15	70010422	100
60044423	60045423	2011-2-15	70010423	100
60044424	60045424	2011-3-15	70010424	100
60044425	60045425	2011-1-15	70010425	100
60044426	60045426	2011-2-15	70010426	100
60044427	60045427	2011-3-15	70010427	100
60044428	60045428	2011-1-15	70010428	100
60044429	60045429	2011-2-15	70010429	100
60044430	60045430	2011-3-15	70010430	100
60044431	60045431	2011-1-15	70010431	100
60044432	60045432	2011-2-15	70010432	100
60044433	60045433	2011-3-15	70010433	100
60044434	60045434	2011-1-15	70010434	100
60044435	60045435	2011-2-15	70010435	100
60044436	60045436	2011-3-15	70010436	100
60044437	60045437	2011-1-15	70010437	100
60044438	60045438	2011-2-15	70010438	100
60044439	60045439	2011-3-15	70010439	100
60044440	60045440	2011-1-15	70010440	100
60044441	60045441	2011-2-15	70010441	100
60044442	60045442	2011-3-15	70010442	100
60044443	60045443	2011-1-15	70010443	100
60044444	60045444	2011-2-15	70010444	100
60044445	60045445	2011-3-15	70010445	100
60044446	60045446	2011-1-15	70010446	100
60044447	60045447	2011-2-15	70010447	100
60044448	60045448	2011-3-15	70010448	100
60044449	60045449	2011-1-15	70010449	100
60044450	60045450	2011-2-15	70010450	100
60044451	60045451	2011-3-15	70010451	100
60044452	60045452	2011-1-15	70010452	100
60044453	60045453	2011-2-15	70010453	100
60044454	60045454	2011-3-15	70010454	100
60044455	60045455	2011-1-15	70010455	100
60044456	60045456	2011-2-15	70010456	100
60044457	60045457	2011-3-15	70010457	100
60044458	60045458	2011-1-15	70010458	100
60044459	60045459	2011-2-15	70010459	100
60044460	60045460	2011-3-15	70010460	100
60044461	60045461	2011-1-15	70010461	100
60044462	60045462	2011-2-15	70010462	100
60044463	60045463	2011-3-15	70010463	100
60044464	60045464	2011-1-15	70010464	100
60044465	60045465	2011-2-15	70010465	100
60044466	60045466	2011-3-15	70010466	100
60044467	60045467	2011-1-15	70010467	100
60044468	60045468	2011-2-15	70010468	100
60044469	60045469	2011-3-15	70010469	100
60044470	60045470	2011-1-15	70010470	100
60044471	60045471	2011-2-15	70010471	100
60044472	60045472	2011-3-15	70010472	100
60044473	60045473	2011-1-15	70010473	100
60044474	60045474	2011-2-15	70010474	100
60044475	60045475	2011-3-15	70010475	100
60044476	60045476	2011-1-15	70010476	100
60044477	60045477	2011-2-15	70010477	100
60044478	60045478	2011-3-15	70010478	100
60044479	60045479	2011-1-15	70010479	100
60044480	60045480	2011-2-15	70010480	100
60044481	60045481	2011-3-15	70010481	100
60044482	60045482	2011-1-15	70010482	100
60044483	60045483	2011-2-15	70010483	100
60044484	60045484	2011-3-15	70010484	100
60044485	60045485	2011-1-15	70010485	100
60044486	60045486	2011-2-15	70010486	100
60044487	60045487	2011-3-15	70010487	100
60044488	60045488	2011-1-15	70010488	100
60044489	60045489	2011-2-15	70010489	100
60044490	60045490	2011-3-15	70010490	100
60044491	60045491	2011-1-15	70010491	100
60044492	60045492	2011-2-15	70010492	100
60044493	60045493	2011-3-15	70010493	100
60044494	60045494	2011-1-15	70010494	100
60044495	60045495	2011-2-15	70010495	100
60044496	60045496	2011-3-15	70010496	100
60044497	60045497	2011-1-15	70010497	100
60044498	60045498	2011-2-15	70010498	100
60044499	60045499	2011-3-15	70010499	100
60044500	60045500	2011-1-15	70010500	100
60044501	60045501	2011-2-15	70010501	100
60044502	60045502	2011-3-15	70010502	100
60044503	60045503	2011-1-15	70010503	100
60044504	60045504	2011-2-15	70010504	100
60044505	60045505	2011-3-15	70010505	100
60044506	60045506	2011-1-15	70010506	100
60044507	60045507	2011-2-15	70010507	100
60044508	60045508	2011-3-15	70010508	100
60044509	60045509	2011-1-15	70010509	100
60044510	60045510	2011-2-15	70010510	100
60044511	60045511	2011-3-15	70010511	100
60044512	60045512	2011-1-15	70010512	100
60044513	60045513	2011-2-15	70010513	100
60044514	60045514	2011-3-15	70010514	100
60044515	60045515	2011-1-15	70010515	100
60044516	60045516	2011-2-15	70010516	100
60044517	60045517	2011-3-15	70010517	100
60044518	60045518	2011-1-15	70010518	100
60044519	60045519	2011-2-15	70010519	100
60044520	60045520	2011-3-15	70010520	100
60044521	60045521	2011-1-15	70010521	100
60044522	60045522	2011-2-15	70010522	100
60044523	60045523	2011-3-15	70010523	100
60044524	60045524	2011-1-15	70010524	100
60044525	60045525	2011-2-15	70010525	100
60044526	60045526	2011-3-15	70010526	100
60044527	60045527	2011-1-15	70010527	100
60044528	60045528	2011-2-15	70010528	100
60044529	60045529	2011-3-15	70010529	100
60044530	60045530	2011-1-15	70010530	100
60044531	60045531	2011-2-15	70010531	100
60044532	60045532	2011-3-15	70010532	100
60044533	60045533	2011-1-15	70010533	100
60044534	60045534	2011-2-15	70010534	100
60044535	60045535	2011-3-15	70010535	100
60044536	60045536	2011-1-15	70010536	100
60044537	60045537	2011-2-15	70010537	100
60044538	60045538	2011-3-15	70010538	100
60044539	60045539	2011-1-15	70010539	100
60044540	60045540	2011-2-15	70010540	100
60044541	60045541	2011-3-15	70010541	100
60044542	60045542	2011-1-15	70010542	100
60044543	60045543	2011-2-15	70010543	100
60044544	60045544	2011-3-15	70010544	100
60044545	60045545	2011-1-15	70010545	100
60044546	60045546	2011-2-15	70010546	100
60044547	60045547	2011-3-15	70010547	100
60044548	60045548	2011-1-15	70010548	100
60044549	60045549	2011-2-15	70010549	100
60044550	60045550	2011-3-15	70010550	100
60044551	60045551	2011-1-15	70010551	100
60044552	60045552	2011-2-15	70010552	100
60044553	60045553	2011-3-15	70010553	100
60044554	60045554	2011-1-15	70010554	100
60044555	60045555	2011-2-15	70010555	100
60044556	60045556	2011-3-15	70010556	100
60044557	60045557	2011-1-15	70010557	100
60044558	60045558	2011-2-15	70010558	100
60044559	60045559	2011-3-15	70010559	100
60044560	60045560	2011-1-15	70010560	100
60044561	60045561	2011-2-15	70010561	100
60044562	60045562	2011-3-15	70010562	100
60044563	60045563	2011-1-15	70010563	100
60044564	60045564	2011-2-15	70010564	100
60044565	60045565	2011-3-15	70010565	100
60044566	60045566	2011-1-15	70010566	100
60044567	60045567	2011-2-15	70010567	100
60044568	60045568	2011-3-15	70010568	100
60044569	60045569	2011-1-15	70010569	100
60044570	60045570	2011-2-15	70010570	100
60044571	60045571	2011-3-15	70010571	100
60044572	60045572	2011-1-15	70010572	100
60044573	60045573	2011-2-15	70010573	100
60044574	60045574	2011-3-15	70010574	100
60044575	60045575	2011-1-15	70010575	100
60044576	60045576	2011-2-15	70010576	100
60044577	60045577	2011-3-15	70010577	100
60044578	60045578	2011-1-15	70010578	100
60044579	60045579	2011-2-15	70010579	100
60044580	60045580	2011-3-15	70010580	100
60044581	60045581	2011-1-15	70010581	100
60044582	60045582	2011-2-15	70010582	100
60044583	60045583	2011-3-15	70010583	100
60044584	60045584	2011-1-15	70010584	100
60044585	60045585	2011-2-15	70010585	100
60044586	60045586	2011-3-15	70010586	100
60044587	60045587	2011-1-15	70010587	100
60044588	60045588	2011-2-15	70010588	100
60044589	60045589	2011-3-15	70010589	100
60044590	60045590	2011-1-15	70010590	100
60044591	60045591	2011-2-15	70010591	100
60044592	60045592	2011-3-15	70010592	100
60044593	60045593	2011-1-15	70010593	100
60044594	60045594	2011-2-15	70010594	100
60044595	60045595	2011-3-15	70010595	100
60044596	60045596	2011-1-15	70010596	100
60044597	60045597	2011-2-15	70010597	100
60044598	60045598	2011-3-15	70010598	100
60044599	60045599	2011-1-15	70010599	100
60044600	60045600	2011-2-15	70010600	100
60044601	60045601	2011-3-15	70010601	100
60044602	60045602	2011-1-15	70010602	100
60044603	60045603	2011-2-15	70010603	100
60044604	60045604	2011-3-15	70010604	100
60044605	60045605	2011-1-15	70010605	100
60044606	60045606	2011-2-15	70010606	100
60044607	60045607	2011-3-15	70010607	100
60044608	60045608	2011-1-15	70010608	100
60044609	60045609	2011-2-15	70010609	100
60044610	60045610	2011-3-15	70010610	100
60044611	60045611	2011-1-15	70010611	100
60044612	60045612	2011-2-15	70010612	100
60044613	60045613	2011-3-15	70010613	100
60044614	60045614	2011-1-15	70010614	100
60044615	60045615	2011-2-15	70010615	100
60044616	60045616	2011-3-15	70010616	100
60044617	60045617	2011-1-15	70010617	100
60044618	60045618	2011-2-15	70010618	100
60044619	60045619	2011-3-15	70010619	100
60044620	60045620	2011-1-15	70010620	100
60044621	60045621	2011-2-15	70010621	100
60044622	60045622	2011-3-15	70010622	100
60044623	60045623	2011-1-15	70010623	100
60044624	60045624	2011-2-15	70010624	100
60044625	60045625	2011-3-15	70010625	100
60044626	60045626	2011-1-15	70010626	100
60044627	60045627	2011-2-15	70010627	100
60044628	60045628	2011-3-15	70010628	100
60044629	60045629	2011-1-15	70010629	100
60044630	60045630	2011-2-15	70010630	100
60044631	60045631	2011-3-15	70010631	100
60044632	60045632	2011-1-15	70010632	100
60044633	60045633	2011-2-15	70010633	100
60044634	60045634	2011-3-15	70010634	100
60044635	60045635	2011-1-15	70010635	100
60044636	60045636	2011-2-15	70010636	100
60044637	60045637	2011-3-15	70010637	100
60044638	60045638	2011-1-15	70010638	100
60044639	60045639	2011-2-15	70010639	100
60044640	60045640	2011-3-15	70010640	100
60044641	60045641	2011-1-15	70010641	100
60044642	60045642	2011-2-15	70010642	100
60044643	60045643	2011-3-15	70010643	100
60044644	60045644	2011-1-15	70010644	100
60044645	60045645	2011-2-15	70010645	100
60044646	60045646	2011-3-15	70010646	100
60044647	60045647	2011-1-15	70010647	100
60044648	60045648	2011-2-15	70010648	100
60044649	60045649	2011-3-15	70010649	100
60044650	60045650	2011-1-15	70010650	100
60044651	60045651	2011-2-15	70010651	100
60044652	60045652	2011-3-15	70010652	100
60044653	60045653	2011-1-15	70010653	100
60044654	60045654	2011-2-15	70010654	100
60044655	60045655	2011-3-15	70010655	100
60044656	60045656	2011-1-15	70010656	100
60044657	60045657	2011-2-15	70010657	100
60044658	60045658	2011-3-15	70010658	100
60044659	60045659	2011-1-15	70010659	100
60044660	60045660	2011-2-15	70010660	100
60044661	60045661	2011-3-15	70010661	100
60044662	60045662	2011-1-15	70010662	100
60044663	60045663	2011-2-15	70010663	100
60044664	60045664	2011-3-15	70010664	100
60044665	60045665	2011-1-15	70010665	100
60044666	60045666	2011-2-15	70010666	100
60044667	60045667	2011-3-15	70010667	100
60044668	60045668	2011-1-15	70010668	100
60044669	60045669	2011-2-15	70010669	100
60044670	60045670	2011-3-15	70010670	100
60044671	60045671	2011-1-15	70010671	100
60044672	60045672	2011-2-15	70010672	100
60044673	60045673	2011-3-15	70010673	100
60044674	60045674	2011-1-15	70010674	100
60044675	60045675	2011-2-15	70010675	100
60044676	60045676	2011-3-15	70010676	100
60044677	60045677	2011-1-15	70010677	100
60044678	60045678	2011-2-15	70010678	100
60044679	60045679	2011-3-15	70010679	100
60044680	60045680	2011-1-15	70010680	100
60044681	60045681	2011-2-15	70010681	100
60044682	60045682	2011-3-15	70010682	100
60044683	60045683	2011-1-15	70010683	100
60044684	60045684	2011-2-15	70010684	100
60044685	60045685	2011-3-15	70010685	100
60044686	60045686	2011-1-15	70010686	100
60044687	60045687	2011-2-15	70010687	100
60044688	60045688	2011-3-15	70010688	100
60044689	60045689	2011-1-15	70010689	100
60044690	60045690	2011-2-15	70010690	100
60044691	60045691	2011-3-15	70010691	100
60044692	60045692	2011-1-15	70010692	100
60044693	60045693	2011-2-15	70010693	100
60044694	60045694	2011-3-15	70010694	100
60044695	60045695	2011-1-15	70010695	100
60044696	60045696	2011-2-15	70010696	100
60044697	60045697	2011-3-15	70010697	100
60044698	60045698	2011-1-15	70010698	100
60044699	60045699	2011-2-15	70010699	100
60044700	60045700	2011-3-15	70010700	100
60044701	60045701	2011-1-15	70010701	100
60044702	60045702	2011-2-15	70010702	100
60044703	60045703	2011-3-15	70010703	100
60044704	60045704	2011-1-15	70010704	100
60044705	60045705	2011-2-15	70010705	100
60044706	60045706	2011-3-15	70010706	100
60044707	60045707	2011-1-15	70010707	100
60044708	60045708	2011-2-15	70010708	100
60044709	60045709	2011-3-15	70010709	100
60044710	60045710	2011-1-15	70010710	100
60044711	60045711	2011-2-15	70010711	100
60044712	60045712	2011-3-15	70010712	100
60044713	60045713	2011-1-15	70010713	100
60044714	60045714	2011-2-15	70010714	100
60044715	60045715	2011-3-15	70010715	100
60044716	60045716	2011-1-15	70010716	100
60044717	60045717	2011-2-15	70010717	100
60044718	60045718	2011-3-15	70010718	100
60044719	60045719	2011-1-15	70010719	100
60044720	60045720	2011-2-15	70010720	100
60044721	60045721	2011-3-15	70010721	100
60044722	60045722	2011-1-15	70010722	100
60044723	60045723	2011-2-15	70010723	100
60044724	60045724	2011-3-15	70010724	100
60044725	60045725	2011-1-15	70010725	100
60044726	60045726	2011-2-15	70010726	100
60044727	60045727	2011-3-15	70010727	100
60044728	60045728	2011-1-15	70010728	100
60044729	60045729	2011-2-15	70010729	100
60044730	60045730	2011-3-15	70010730	100
60044731	60045731	2011-1-15	70010731	100
60044732	60045732	2011-2-15	70010732	100
60044733	60045733	2011-3-15	70010733	100
60044734	60045734	2011-1-15	70010734	100
60044735	60045735	2011-2-15	70010735	100
60044736	60045736	2011-3-15	70010736	100
60044737	60045737	2011-1-15	70010737	100
60044738	60045738	2011-2-15	70010738	100
60044739	60045739	2011-3-15	70010739	100
60044740	60045740	2011-1-15	70010740	100
60044741	60045741	2011-2-15	70010741	100
60044742	60045742	2011-3-15	70010742	100
60044743	60045743	2011-1-15	70010743	100
60044744	60045744	2011-2-15	70010744	100
60044745	60045745	2011-3-15	70010745	100
60044746	60045746	2011-1-15	70010746	100
60044747	60045747	2011-2-15	70010747	100
60044748	60045748	2011-3-15	70010748	100
60044749	60045749	2011-1-15	70010749	100
60044750	60045750	2011-2-15	70010750	100
60044751	60045751	2011-3-15	70010751	100
60044752	60045752	2011-1-15	70010752	100
60044753	60045753	2011-2-15	70010753	100
60044754	60045754	2011-3-15	70010754	100
60044755	60045755	2011-1-15	70010755	100
60044756	60045756	2011-2-15	70010756	100
60044757	60045757	2011-3-15	70010757	100
60044758	60045758	2011-1-15	70010758	100
60044759	60045759	2011-2-15	70010759	100
60044760	60045760	2011-3-15	70010760	100
60044761	60045761	2011-1-15	70010761	100
60044762	60045762	2011-2-15	70010762	100
60044763	60045763	2011-3-15	70010763	100
60044764	60045764	2011-1-15	70010764	100
60044765	60045765	2011-2-15	70010765	100
60044766	60045766	2011-3-15	70010766	100
60044767	60045767	2011-1-15	70010767	100
60044768	60045768	2011-2-15	70010768	100
60044769	60045769	2011-3-15	70010769	100
60044770	60045770	2011-1-15	70010770	100
60044771	60045771	2011-2-15	70010771	100
60044772	60045772	2011-3-15	70010772	100
60044773	60045773	2011-1-15	70010773	100
60044774	60045774	2011-2-15	70010774	100
60044775	60045775	2011-3-15	70010775	100
60044776	60045776	2011-1-15	70010776	100
60044777	60045777	2011-2-15	70010777	100
60044778	60045778	2011-3-15	70010778	100
60044779	60045779	2011-1-15	70010779	100
60044780	60045780	2011-2-15	70010780	100
60044781	60045781	2011-3-15	70010781	100
60044782	60045782	2011-1-15	70010782	100
60044783	60045783	2011-2-15	70010783	100
60044784	60045784	2011-3-15	70010784	100
60044785	60045785	2011-1-15	70010785	100
60044786	60045786	2011-2-15	70010786	100
60044787	60045787	2011-3-15	70010787	100
60044788	60045788	2011-1-15	70010788	100
60044789	60045789	2011-2-15	70010789	100
60044790	60045790	2011-3-15	70010790	100
60044791	60045791	2011-1-15	70010791	100
60044792	60045792	2011-2-15	70010792	100
60044793	60045793	2011-3-15	70010793	100
60044794	60045794	2011-1-15	70010794	100
60044795	60045795	2011-2-15	70010795	100
60044796	60045796	2011-3-15	70010796	100
60044797	60045797	2011-1-15	70010797	100
60044798	60045798	2011-2-15	70010798	100
60044799	60045799	2011-3-15	70010799	100
60044800	60045800	2011-1-15	70010800	100
60044801	60045801	2011-2-15	70010801	100
60044802	60045802	2011-3-15	70010802	100
60044803	60045803	2011-1-15	70010803	100
60044804	60045804	2011-2-15	70010804	100
60044805	60045805	2011-3-15	70010805	100
60044806	60045806	2011-1-15	70010806	100
60044807	60045807	2011-2-15	70010807	100
60044808	60045808	2011-3-15	70010808	100
60044809	60045809	2011-1-15	70010809	100
60044810	60045810	2011-2-15	70010810	100
60044811	60045811	2011-3-15	70010811	100
60044812	60045812	2011-1-15	70010812	100
60044813	60045813	2011-2-15	70010813	100
60044814	60045814	2011-3-15	70010814	100
60044815	60045815	2011-1-15	70010815	100
60044816	60045816	2011-2-15	70010816	100
60044817	60045817	2011-3-15	70010817	100
60044818	60045818	2011-1-15	70010818	100
60044819	60045819	2011-2-15	70010819	100
60044820	60045820	2011-3-15	70010820	100
60044821	60045821	2011-1-15	70010821	100
60044822	60045822	2011-2-15	70010822	100
60044823	60045823	2011-3-15	70010823	100
60044824	60045824	2011-1-15	70010824	100
60044825	60045825	2011-2-15	70010825	100
60044826	60045826	2011-3-15	70010826	100
60044827	60045827	2011-1-15	70010827	100
60044828	60045828	2011-2-15	70010828	100
60044829	60045829	2011-3-15	70010829	100
60044830	60045830	2011-1-15	70010830	100
60044831	60045831	2011-2-15	70010831	100
60044832	60045832	2011-3-15	70010832	100
60044833	60045833	2011-1-15	70010833	100
60044834	60045834	2011-2-15	70010834	100
60044835	60045835	2011-3-15	70010835	100
60044836	60045836	2011-1-15	70010836	100
60044837	60045837	2011-2-15	70010837	100
60044838	60045838	2011-3-15	70010838	100
60044839	60045839	2011-1-15	70010839	100
60044840	60045840	2011-2-15	70010840	100
60044841	60045841	2011-3-15	70010841	100
60044842	60045842	2011-1-15	70010842	100
60044843	60045843	2011-2-15	70010843	100
60044844	60045844	2011-3-15	70010844	100
60044845	60045845	2011-1-15	70010845	100
60044846	60045846	2011-2-15	70010846	100
60044847	60045847	2011-3-15	70010847	100
60044848	60045848	2011-1-15	70010848	100
60044849	60045849	2011-2-15	70010849	100
60044850	60045850	2011-3-15	70010850	100
60044851	60045851	2011-1-15	70010851	100
60044852	60045852	2011-2-15	70010852	100
60044853	60045853	2011-3-15	70010853	100
60044854	60045854	2011-1-15	70010854	100
60044855	60045855	2011-2-15	70010855	100
60044856	60045856	2011-3-15	70010856	100
60044857	60045857	2011-1-15	70010857	100
60044858	60045858	2011-2-15	70010858	100
60044859	60045859	2011-3-15	70010859	100
60044860	60045860	2011-1-15	70010860	100
60044861	60045861	2011-2-15	70010861	100
60044862	60045862	2011-3-15	70010862	100
60044863	60045863	2011-1-15	70010863	100
60044864	60045864	2011-2-15	70010864	100
60044865	60045865	2011-3-15	70010865	100
60044866	60045866	2011-1-15	70010866	100
60044867	60045867	2011-2-15	70010867	100
60044868	60045868	2011-3-15	70010868	100
60044869	60045869	2011-1-15	70010869	100
60044870	60045870	2011-2-15	70010870	100
60044871	60045871	2011-3-15	70010871	100
60044872	60045872	2011-1-15	70010872	100
60044873	60045873	2011-2-15	70010873	100
60044874	60045874	2011-3-15	70010874	100
60044875	60045875	2011-1-15	70010875	100
60044876	60045876	2011-2-15	70010876	100
60044877	60045877	2011-3-15	70010877	100
60044878	60045878	2011-1-15	70010878	100
60044879	60045879	2011-2-15	70010879	100
60044880	60045880	2011-3-15	70010880	100
60044881	60045881	2011-1-15	70010881	100
60044882	60045882	2011-2-15	70010882	100
60044883	60045883	2011-3-15	70010883	100
60044884	60045884	2011-1-15	70010884	100
60044885	60045885	2011-2-15	70010885	100
60044886	60045886	2011-3-15	70010886	100
60044887	60045887	2011-1-15	70010887	100
60044888	60045888	2011-2-15	70010888	100
60044889	60045889	2011-3-15	70010889	100
60044890	60045890	2011-1-15	70010890	100
60044891	60045891	2011-2-15	70010891	100
60044892	60045892	2011-3-15	70010892	100
60044893	60045893	2011-1-15	70010893	100
60044894	60045894	2011-2-15	70010894	100
60044895	60045895	2011-3-15	70010895	100
60044896	60045896	2011-1-15	70010896	100
60044897	60045897	2011-2-15	70010897	100
60044898	60045898	2011-3-15	70010898	100
60044899	60045899	2011-1-15	70010899	100
60044900	60045900	2011-2-15	70010900	100
60044901	60045901	2011-3-15	70010901	100
60044902	60045902	2011-1-15	70010902	100
60044903	60045903	2011-2-15	70010903	100
60044904	60045904	2011-3-15	70010904	100
60044905	60045905	2011-1-15	70010905	100
60044906	60045906	2011-2-15	70010906	100
60044907	60045907	2011-3-15	70010907	100
60044908	60045908	2011-1-15	70010908	100
60044909	60045909	2011-2-15	70010909	100
60044910	60045910	2011-3-15	70010910	100
60044911	60045911	2011-1-15	70010911	100
60044912	60045912	2011-2-15	70010912	100
60044913	60045913	2011-3-15	70010913	100
60044914	60045914	2011-1-15	70010914	100
60044915	60045915	2011-2-15	70010915	100
60044916	60045916	2011-3-15	70010916	100
60044917	60045917	2011-1-15	70010917	100
60044918	60045918	2011-2-15	70010918	100
60044919	60045919	2011-3-15	70010919	100
60044920	60045920	2011-1-15	70010920	100
60044921	60045921	2011-2-15	70010921	100
60044922	60045922	2011-3-15	70010922	100
60044923	60045923	2011-1-15	70010923	100
60044924	60045924	2011-2-15	70010924	100
60044925	60045925	2011-3-15	70010925	100
60044926	60045926	2011-1-15	70010926	100
60044927	60045927	2011-2-15	70010927	100
60044928	60045928	2011-3-15	70010928	100
60044929	60045929	2011-1-15	70010929	100
60044930	60045930	2011-2-15	70010930	100
60044931	60045931	2011-3-15	70010931	100
60044932	60045932	2011-1-15	70010932	100
60044933	60045933	2011-2-15	70010933	100
60044934	60045934	2011-3-15	70010934	100
60044935	60045935	2011-1-15	70010935	100
60044936	60045936	2011-2-15	70010936	100
60044937	60045937	2011-3-15	70010937	100
60044938	60045938	2011-1-15	70010938	100
60044939	60045939	2011-2-15	70010939	100
60044940	60045940	2011-3-15	70010940	100
60044941	60045941	2011-1-15	70010941	100
60044942	60045942	2011-2-15	70010942	100
60044943	60045943	2011-3-15	70010943	100
60044944	60045944	2011-1-15	70010944	100
60044945	60045945	2011-2-15	70010945	100
60044946	60045946	2011-3-15	70010946	100
60044947	60045947	2011-1-15	70010947	100
60044948	60045948	2011-2-15	70010948	100
60044949	60045949	2011-3-15	70010949	100
60044950	60045950	2011-1-15	70010950	100
60044951	60045951	2011-2-15	70010951	100
60044952	60045952	2011-3-15	70010952	100
60044953	60045953	2011-1-15	70010953	100
60044954	60045954	2011-2-15	70010954	100
60044955	60045955	2011-3-15	70010955	100
60044956	60045956	2011-1-15	70010956	100
60044957	60045957	2011-2-15	70010957	100
60044958	60045958	2011-3-15	70010958	100
60044959	60045959	2011-1-15	70010959	100
60044960	60045960	2011-2-15	70010960	100
60044961	60045961	2011-3-15	70010961	100
60044962	60045962	2011-1-15	70010962	100
60044963	60045963	2011-2-15	70010963	100
60044964	60045964	2011-3-15	70010964	100
60044965	60045965	2011-1-15	70010965	100
60044966	60045966	2011-2-15	70010966	100
60044967	60045967	2011-3-15	70010967	100
60044968	60045968	2011-1-15	70010968	100
60044969	60045969	2011-2-15	70010969	100
60044970	60045970	2011-3-15	70010970	100
60044971	60045971	2011-1-15	70010971	100
60044972	60045972	2011-2-15	70010972	100
60044973	60045973	2011-3-15	70010973	100
60044974	60045974	2011-1-15	70010974	100
60044975	60045975	2011-2-15	70010975	100
60044976	60045976	2011-3-15	70010976	100
60044977	60045977	2011-1-15	70010977	100
60044978	60045978	2011-2-15	70010978	100
60044979	60045979	2011-3-15	70010979	100
60044980	60045980	2011-1-15	70010980	100
60044981	60045981	2011-2-15	70010981	100
60044982	60045982	2011-3-15	70010982	100
60044983	60045983	2011-1-15	70010983	100
60044984	60045984	2011-2-15	70010984	100
60044985	60045985	2011-3-15	70010985	100
60044986	60045986	2011-1-15	70010986	100
60044987	60045987	2011-2-15	70010987	100
60044988	60045988	2011-3-15	70010988	100
60044989	60045989	2011-1-15	70010989	100
60044990	60045990	2011-2-15	70010990	100
60044991	60045991	2011-3-15	70010991	100
60044992	60045992	2011-1-15	70010992	100
60044993	60045993	2011-2-15	70010993	100
60044994	60045994	2011-3-15	70010994	100
60044995	60045995	2011-1-15	70010995	100
60044996	60045996	2011-2-15	70010996	100
60044997	60045997	2011-3-15	70010997	100
60044998	60045998	2011-1-15	70010998	100
60044999	60045999	2011-2-15	70010999	100
